{
 "cells": [
  {
   "cell_type": "markdown",
   "metadata": {},
   "source": [
    "# Exercise 3: Numpy"
   ]
  },
  {
   "cell_type": "markdown",
   "metadata": {},
   "source": [
    "Perform the follwing tasks:\n"
   ]
  },
  {
   "cell_type": "code",
   "execution_count": 1,
   "metadata": {},
   "outputs": [],
   "source": [
    "#3.1: import the numpy library\n",
    "import numpy as np"
   ]
  },
  {
   "cell_type": "code",
   "execution_count": 4,
   "metadata": {},
   "outputs": [
    {
     "data": {
      "text/plain": [
       "array([[0.22771929, 0.18537704, 0.34311358, 0.4951386 , 0.45013757,\n",
       "        0.61026016, 0.1634036 , 0.7471036 , 0.57338526, 0.92477129],\n",
       "       [0.77120671, 0.42581921, 0.67671081, 0.09827399, 0.04261969,\n",
       "        0.18596219, 0.66784219, 0.16465712, 0.01039675, 0.34619671],\n",
       "       [0.86433834, 0.02021149, 0.19367165, 0.31166911, 0.68689989,\n",
       "        0.5468699 , 0.38226661, 0.96888936, 0.38965593, 0.43501647],\n",
       "       [0.43027806, 0.03065168, 0.40353224, 0.19814305, 0.95181898,\n",
       "        0.68210193, 0.6214067 , 0.07368305, 0.67944665, 0.75169329],\n",
       "       [0.23531814, 0.12841532, 0.44309473, 0.87633168, 0.00620517,\n",
       "        0.29264617, 0.4088304 , 0.9376937 , 0.22696686, 0.74277756],\n",
       "       [0.97534409, 0.9737423 , 0.16715542, 0.4791337 , 0.32789996,\n",
       "        0.80078588, 0.17216229, 0.96192811, 0.9696594 , 0.48418071],\n",
       "       [0.4235856 , 0.82159151, 0.87777492, 0.84088882, 0.79817425,\n",
       "        0.8480336 , 0.08523846, 0.60940282, 0.5197304 , 0.1103954 ],\n",
       "       [0.88262676, 0.21232996, 0.18872621, 0.81404961, 0.8118882 ,\n",
       "        0.53132383, 0.93083767, 0.48585042, 0.75561615, 0.07922478],\n",
       "       [0.75849183, 0.01767437, 0.70568728, 0.53334252, 0.73862495,\n",
       "        0.77427645, 0.88017954, 0.96065769, 0.18690966, 0.82492859],\n",
       "       [0.07993717, 0.288068  , 0.85327343, 0.57806747, 0.50790734,\n",
       "        0.51224131, 0.59999302, 0.67259534, 0.6527693 , 0.69835259]])"
      ]
     },
     "execution_count": 4,
     "metadata": {},
     "output_type": "execute_result"
    }
   ],
   "source": [
    "#3.2: create a random 10x10 array named A\n",
    "randomMatrix = np.random.rand(10,10)\n",
    "randomMatrix"
   ]
  },
  {
   "cell_type": "code",
   "execution_count": 11,
   "metadata": {},
   "outputs": [
    {
     "data": {
      "text/plain": [
       "array([[0.22771929, 0.18537704, 0.34311358, 0.4951386 , 0.45013757,\n",
       "        0.61026016, 0.1634036 , 0.7471036 , 0.57338526, 0.92477129],\n",
       "       [0.86433834, 0.02021149, 0.19367165, 0.31166911, 0.68689989,\n",
       "        0.5468699 , 0.38226661, 0.96888936, 0.38965593, 0.43501647],\n",
       "       [0.23531814, 0.12841532, 0.44309473, 0.87633168, 0.00620517,\n",
       "        0.29264617, 0.4088304 , 0.9376937 , 0.22696686, 0.74277756],\n",
       "       [0.4235856 , 0.82159151, 0.87777492, 0.84088882, 0.79817425,\n",
       "        0.8480336 , 0.08523846, 0.60940282, 0.5197304 , 0.1103954 ],\n",
       "       [0.75849183, 0.01767437, 0.70568728, 0.53334252, 0.73862495,\n",
       "        0.77427645, 0.88017954, 0.96065769, 0.18690966, 0.82492859]])"
      ]
     },
     "execution_count": 11,
     "metadata": {},
     "output_type": "execute_result"
    }
   ],
   "source": [
    "#3.3: return only the odd rows of A\n",
    "oddRows = randomMatrix[::2]\n",
    "oddRows"
   ]
  },
  {
   "cell_type": "code",
   "execution_count": 17,
   "metadata": {},
   "outputs": [
    {
     "data": {
      "text/plain": [
       "array([[2.79298832, 1.22633158, 2.47631459, 2.42625757, 2.42911019,\n",
       "        3.08402955, 2.71241673, 2.41948809, 3.21877877, 2.81247044],\n",
       "       [1.22633158, 1.87316088, 1.53733195, 1.49927557, 1.36375282,\n",
       "        1.94099186, 1.74576929, 1.8491581 , 2.33143707, 1.69544801],\n",
       "       [2.47631459, 1.53733195, 3.0789792 , 2.43994167, 2.20559519,\n",
       "        3.29384658, 2.70040348, 3.06115348, 3.58856094, 2.48852462],\n",
       "       [2.42625757, 1.49927557, 2.43994167, 3.17766613, 1.69884601,\n",
       "        2.67087244, 2.60041524, 2.9461075 , 3.31334463, 2.72579244],\n",
       "       [2.42911019, 1.36375282, 2.20559519, 1.69884601, 2.77147977,\n",
       "        2.63698513, 2.39038593, 2.25897318, 3.1078077 , 2.63638134],\n",
       "       [3.08402955, 1.94099186, 3.29384658, 2.67087244, 2.63698513,\n",
       "        5.03537244, 3.8618871 , 3.57955713, 3.64899796, 3.07618681],\n",
       "       [2.71241673, 1.74576929, 2.70040348, 2.60041524, 2.39038593,\n",
       "        3.8618871 , 4.34920753, 3.27399407, 3.49855116, 3.2227863 ],\n",
       "       [2.41948809, 1.8491581 , 3.06115348, 2.9461075 , 2.25897318,\n",
       "        3.57955713, 3.27399407, 4.14361755, 3.74426631, 2.88170749],\n",
       "       [3.21877877, 2.33143707, 3.58856094, 3.31334463, 3.1078077 ,\n",
       "        3.64899796, 3.49855116, 3.74426631, 4.91616349, 3.62028007],\n",
       "       [2.81247044, 1.69544801, 2.48852462, 2.72579244, 2.63638134,\n",
       "        3.07618681, 3.2227863 , 2.88170749, 3.62028007, 3.39815191]])"
      ]
     },
     "execution_count": 17,
     "metadata": {},
     "output_type": "execute_result"
    }
   ],
   "source": [
    "#3.4: perform a matrix multiplication of A with it's transposed\n",
    "multiMatrix = np.dot(randomMatrix, np.transpose(randomMatrix))\n",
    "multiMatrix\n",
    "#multiMatrix2 = np.matrix(randomMatrix) * np.matrix(randomMatrix.T)\n",
    "#multiMatrix2"
   ]
  },
  {
   "cell_type": "code",
   "execution_count": 25,
   "metadata": {},
   "outputs": [
    {
     "data": {
      "text/plain": [
       "matrix([[ 1.00000000e+00, -5.32907052e-15,  3.55271368e-15,\n",
       "          0.00000000e+00,  7.10542736e-15,  0.00000000e+00,\n",
       "          4.44089210e-16, -7.10542736e-15, -2.22044605e-15,\n",
       "          4.44089210e-16],\n",
       "        [-7.10542736e-15,  1.00000000e+00, -4.44089210e-16,\n",
       "         -5.32907052e-15, -5.32907052e-15,  3.55271368e-15,\n",
       "         -4.44089210e-16, -3.55271368e-15, -2.44249065e-15,\n",
       "          5.55111512e-17],\n",
       "        [ 1.06581410e-14,  1.77635684e-15,  1.00000000e+00,\n",
       "         -5.32907052e-15, -2.84217094e-14, -8.88178420e-15,\n",
       "         -8.88178420e-16,  5.32907052e-15, -6.66133815e-16,\n",
       "         -1.11022302e-16],\n",
       "        [ 0.00000000e+00, -1.77635684e-15,  1.77635684e-15,\n",
       "          1.00000000e+00, -7.10542736e-15, -5.32907052e-15,\n",
       "          0.00000000e+00,  1.77635684e-15, -2.22044605e-15,\n",
       "          1.11022302e-16],\n",
       "        [-2.13162821e-14, -8.88178420e-15,  7.99360578e-15,\n",
       "          2.84217094e-14,  1.00000000e+00,  3.55271368e-15,\n",
       "          1.33226763e-15, -1.95399252e-14, -2.66453526e-15,\n",
       "          4.44089210e-16],\n",
       "        [-1.77635684e-14,  8.88178420e-16, -2.66453526e-15,\n",
       "          1.42108547e-14,  3.55271368e-15,  1.00000000e+00,\n",
       "          2.22044605e-16,  1.77635684e-15,  4.44089210e-16,\n",
       "          2.22044605e-16],\n",
       "        [ 0.00000000e+00,  6.43929354e-15, -3.99680289e-15,\n",
       "         -2.44249065e-14,  5.77315973e-15, -6.88338275e-15,\n",
       "          1.00000000e+00,  1.77635684e-14,  2.27595720e-15,\n",
       "          5.55111512e-17],\n",
       "        [-3.64153152e-14, -6.88338275e-15,  9.32587341e-15,\n",
       "          1.59872116e-14,  0.00000000e+00, -5.77315973e-15,\n",
       "          1.05471187e-15,  1.00000000e+00, -1.16573418e-15,\n",
       "          5.55111512e-17],\n",
       "        [-7.10542736e-15,  3.55271368e-15,  4.44089210e-16,\n",
       "          7.10542736e-15, -5.32907052e-15, -1.77635684e-15,\n",
       "         -6.66133815e-16,  7.10542736e-15,  1.00000000e+00,\n",
       "          0.00000000e+00],\n",
       "        [ 0.00000000e+00,  1.77635684e-15,  1.77635684e-15,\n",
       "          0.00000000e+00,  3.55271368e-15,  0.00000000e+00,\n",
       "          6.66133815e-16, -1.77635684e-15, -8.88178420e-16,\n",
       "          1.00000000e+00]])"
      ]
     },
     "execution_count": 25,
     "metadata": {},
     "output_type": "execute_result"
    }
   ],
   "source": [
    "#3.5: compute the matrix inverse of A\n",
    "inverseMatrix = np.matrix(randomMatrix)* np.linalg.inv(randomMatrix)\n",
    "inverseMatrix\n",
    "#inverseMatrix2 = np.matrix(randomMatrix)* np.matrix(randomMatrix).I\n",
    "#inverseMatrix2"
   ]
  },
  {
   "cell_type": "code",
   "execution_count": 33,
   "metadata": {},
   "outputs": [
    {
     "data": {
      "text/plain": [
       "array([[0.22771929, 0.18537704, 0.34311358, 0.4951386 , 0.45013757,\n",
       "        0.61026016, 0.1634036 , 0.7471036 , 0.57338526, 0.92477129],\n",
       "       [0.77120671, 0.42581921, 0.67671081, 0.09827399, 0.04261969,\n",
       "        0.18596219, 0.66784219, 0.16465712, 0.01039675, 0.34619671],\n",
       "       [0.86433834, 0.02021149, 0.19367165, 0.31166911, 0.68689989,\n",
       "        0.5468699 , 0.38226661, 0.96888936, 0.38965593, 0.43501647],\n",
       "       [0.43027806, 0.03065168, 0.40353224, 0.19814305, 0.95181898,\n",
       "        0.68210193, 0.6214067 , 0.07368305, 0.67944665, 0.75169329],\n",
       "       [0.23531814, 0.12841532, 0.44309473, 0.87633168, 0.00620517,\n",
       "        0.29264617, 0.4088304 , 0.9376937 , 0.22696686, 0.74277756],\n",
       "       [0.97534409, 0.9737423 , 0.16715542, 0.4791337 , 0.32789996,\n",
       "        0.80078588, 0.17216229, 0.96192811, 0.9696594 , 0.48418071],\n",
       "       [0.4235856 , 0.82159151, 0.87777492, 0.84088882, 0.79817425,\n",
       "        0.8480336 , 0.08523846, 0.60940282, 0.5197304 , 0.1103954 ],\n",
       "       [0.88262676, 0.21232996, 0.18872621, 0.81404961, 0.8118882 ,\n",
       "        0.53132383, 0.93083767, 0.48585042, 0.75561615, 0.07922478],\n",
       "       [0.75849183, 0.01767437, 0.70568728, 0.53334252, 0.73862495,\n",
       "        0.77427645, 0.88017954, 0.96065769, 0.18690966, 0.82492859],\n",
       "       [0.07993717, 0.288068  , 0.85327343, 0.57806747, 0.50790734,\n",
       "        0.51224131, 0.59999302, 0.67259534, 0.6527693 , 0.69835259]])"
      ]
     },
     "execution_count": 33,
     "metadata": {},
     "output_type": "execute_result"
    }
   ],
   "source": [
    "#3.6: divide all entries of A which are lager than 0.5 by 2 (hint: use where() )"
   ]
  },
  {
   "cell_type": "code",
   "execution_count": 36,
   "metadata": {},
   "outputs": [
    {
     "data": {
      "text/plain": [
       "array([[0.22771929, 0.18537704, 0.34311358, 0.4951386 , 0.45013757,\n",
       "        0.61026016, 0.1634036 , 0.7471036 , 0.57338526, 0.92477129],\n",
       "       [0.77120671, 0.42581921, 0.67671081, 0.09827399, 0.04261969,\n",
       "        0.18596219, 0.66784219, 0.16465712, 0.01039675, 0.34619671],\n",
       "       [0.86433834, 0.02021149, 0.19367165, 0.31166911, 0.68689989,\n",
       "        0.5468699 , 0.38226661, 0.96888936, 0.38965593, 0.43501647],\n",
       "       [0.43027806, 0.03065168, 0.40353224, 0.19814305, 0.95181898,\n",
       "        0.68210193, 0.6214067 , 0.07368305, 0.67944665, 0.75169329],\n",
       "       [0.23531814, 0.12841532, 0.44309473, 0.87633168, 0.00620517,\n",
       "        0.29264617, 0.4088304 , 0.9376937 , 0.22696686, 0.74277756],\n",
       "       [0.97534409, 0.9737423 , 0.16715542, 0.4791337 , 0.32789996,\n",
       "        0.80078588, 0.17216229, 0.96192811, 0.9696594 , 0.48418071],\n",
       "       [0.4235856 , 0.82159151, 0.87777492, 0.84088882, 0.79817425,\n",
       "        0.8480336 , 0.08523846, 0.60940282, 0.5197304 , 0.1103954 ],\n",
       "       [0.88262676, 0.21232996, 0.18872621, 0.81404961, 0.8118882 ,\n",
       "        0.53132383, 0.93083767, 0.48585042, 0.75561615, 0.07922478],\n",
       "       [0.75849183, 0.01767437, 0.70568728, 0.53334252, 0.73862495,\n",
       "        0.77427645, 0.88017954, 0.96065769, 0.18690966, 0.82492859],\n",
       "       [0.07993717, 0.288068  , 0.85327343, 0.57806747, 0.50790734,\n",
       "        0.51224131, 0.59999302, 0.67259534, 0.6527693 , 0.69835259]])"
      ]
     },
     "execution_count": 36,
     "metadata": {},
     "output_type": "execute_result"
    }
   ],
   "source": [
    "condition = (randomMatrix >  0.5) \n",
    "indices= np.where(condition)\n",
    "dividedMatrix = randomMatrix[indices] / 2\n",
    "dividedMatrix"
   ]
  }
 ],
 "metadata": {
  "kernelspec": {
   "display_name": "Python 3",
   "language": "python",
   "name": "python3"
  },
  "language_info": {
   "codemirror_mode": {
    "name": "ipython",
    "version": 3
   },
   "file_extension": ".py",
   "mimetype": "text/x-python",
   "name": "python",
   "nbconvert_exporter": "python",
   "pygments_lexer": "ipython3",
   "version": "3.7.6"
  }
 },
 "nbformat": 4,
 "nbformat_minor": 4
}
